{
 "cells": [
  {
   "cell_type": "code",
   "execution_count": 2,
   "metadata": {},
   "outputs": [
    {
     "name": "stdout",
     "output_type": "stream",
     "text": [
      "initial -1.3465145076962393\n",
      "gradient [ 0.407  0.201 -0.1    0.022  0.296 -0.326  0.194 -0.215]\n",
      "fubini study [[ 0.25  -0.     0.001  0.     0.047 -0.084  0.072 -0.159]\n",
      " [-0.     0.25   0.    -0.091  0.229 -0.236 -0.026 -0.041]\n",
      " [ 0.001  0.     0.25  -0.233 -0.089 -0.    -0.238 -0.189]\n",
      " [ 0.    -0.091 -0.233  0.25   0.     0.085  0.231  0.19 ]\n",
      " [ 0.047  0.229 -0.089  0.     0.25  -0.231  0.074 -0.   ]\n",
      " [-0.084 -0.236 -0.     0.085 -0.231  0.25   0.     0.092]\n",
      " [ 0.072 -0.026 -0.238  0.231  0.074 -0.     0.25   0.138]\n",
      " [-0.159 -0.041 -0.189  0.19   0.     0.092  0.138  0.25 ]]\n",
      "gradient [-0.053 -0.091  0.337 -0.344  0.021  0.095 -0.274 -0.146]\n",
      "fubini study [[ 0.25   0.    -0.019 -0.     0.068 -0.054  0.161 -0.197]\n",
      " [-0.     0.25  -0.     0.091  0.224 -0.244 -0.033  0.104]\n",
      " [-0.019 -0.     0.25  -0.232  0.083 -0.    -0.2   -0.097]\n",
      " [ 0.     0.091 -0.232  0.25   0.    -0.085  0.163  0.143]\n",
      " [ 0.068  0.224  0.083 -0.     0.25  -0.235 -0.052 -0.   ]\n",
      " [-0.054 -0.244  0.    -0.085 -0.235  0.25  -0.    -0.057]\n",
      " [ 0.161 -0.033 -0.2    0.163 -0.052  0.     0.25  -0.056]\n",
      " [-0.197  0.104 -0.097  0.143  0.    -0.057 -0.056  0.25 ]]\n",
      "gradient [-0.357 -0.056  0.013 -0.043  0.013  0.25  -0.192  0.321]\n",
      "fubini study [[ 0.25  -0.    -0.009 -0.    -0.034 -0.143  0.15  -0.232]\n",
      " [ 0.     0.25  -0.     0.19   0.161 -0.205 -0.1    0.046]\n",
      " [-0.009  0.     0.25  -0.163  0.189 -0.    -0.178 -0.074]\n",
      " [-0.     0.19  -0.163  0.25   0.    -0.153  0.036  0.088]\n",
      " [-0.034  0.161  0.189  0.     0.25  -0.116 -0.215  0.   ]\n",
      " [-0.143 -0.205 -0.    -0.153 -0.116  0.25   0.     0.097]\n",
      " [ 0.15  -0.1   -0.178  0.036 -0.215 -0.     0.25  -0.101]\n",
      " [-0.232  0.046 -0.074  0.088 -0.     0.097 -0.101  0.25 ]]\n",
      "gradient [-0.21  -0.073  0.186 -0.185  0.025  0.146 -0.242  0.101]\n",
      "fubini study [[ 0.25   0.    -0.014 -0.     0.019 -0.099  0.16  -0.22 ]\n",
      " [-0.     0.25   0.     0.144  0.204 -0.229 -0.065  0.081]\n",
      " [-0.014  0.     0.25  -0.204  0.142 -0.    -0.19  -0.074]\n",
      " [-0.     0.144 -0.204  0.25  -0.    -0.127  0.111  0.117]\n",
      " [ 0.019  0.204  0.142 -0.     0.25  -0.198 -0.145  0.   ]\n",
      " [-0.099 -0.229  0.    -0.127 -0.198  0.25  -0.     0.015]\n",
      " [ 0.16  -0.065 -0.19   0.111 -0.145 -0.     0.25  -0.099]\n",
      " [-0.22   0.081 -0.074  0.117  0.     0.015 -0.099  0.25 ]]\n"
     ]
    },
    {
     "name": "stderr",
     "output_type": "stream",
     "text": [
      "ERROR:root:Internal Python error in the inspect module.\n",
      "Below is the traceback from this internal error.\n",
      "\n"
     ]
    },
    {
     "name": "stdout",
     "output_type": "stream",
     "text": [
      "Traceback (most recent call last):\n",
      "  File \"/Users/ouf/anaconda3/envs/QiskitTesting/lib/python3.7/site-packages/IPython/core/interactiveshell.py\", line 3331, in run_code\n",
      "    exec(code_obj, self.user_global_ns, self.user_ns)\n",
      "  File \"<ipython-input-2-596c0c8f214a>\", line 45, in <module>\n",
      "    result = vqe.run(qi_sv)\n",
      "  File \"/Users/ouf/Documents/GitHub/qiskit-aqua/qiskit/aqua/algorithms/quantum_algorithm.py\", line 71, in run\n",
      "    return self._run()\n",
      "  File \"/Users/ouf/Documents/GitHub/qiskit-aqua/qiskit/aqua/algorithms/minimum_eigen_solvers/vqe.py\", line 433, in _run\n",
      "    optimizer=self.optimizer)\n",
      "  File \"/Users/ouf/Documents/GitHub/qiskit-aqua/qiskit/aqua/algorithms/vq_algorithm.py\", line 213, in find_minimum\n",
      "    gradient_function=gradient_fn)\n",
      "  File \"/Users/ouf/Documents/GitHub/qiskit-aqua/qiskit/aqua/components/optimizers/cg.py\", line 83, in optimize\n",
      "    tol=self._tol, method=\"CG\", options=self._options)\n",
      "  File \"/Users/ouf/anaconda3/envs/QiskitTesting/lib/python3.7/site-packages/scipy/optimize/_minimize.py\", line 602, in minimize\n",
      "    return _minimize_cg(fun, x0, args, jac, callback, **options)\n",
      "  File \"/Users/ouf/anaconda3/envs/QiskitTesting/lib/python3.7/site-packages/scipy/optimize/optimize.py\", line 1363, in _minimize_cg\n",
      "    extra_condition=descent_condition)\n",
      "  File \"/Users/ouf/anaconda3/envs/QiskitTesting/lib/python3.7/site-packages/scipy/optimize/optimize.py\", line 845, in _line_search_wolfe12\n",
      "    **kwargs)\n",
      "  File \"/Users/ouf/anaconda3/envs/QiskitTesting/lib/python3.7/site-packages/scipy/optimize/linesearch.py\", line 101, in line_search_wolfe1\n",
      "    c1=c1, c2=c2, amax=amax, amin=amin, xtol=xtol)\n",
      "  File \"/Users/ouf/anaconda3/envs/QiskitTesting/lib/python3.7/site-packages/scipy/optimize/linesearch.py\", line 176, in scalar_search_wolfe1\n",
      "    derphi1 = derphi(stp)\n",
      "  File \"/Users/ouf/anaconda3/envs/QiskitTesting/lib/python3.7/site-packages/scipy/optimize/linesearch.py\", line 90, in derphi\n",
      "    gval[0] = fprime(xk + s*pk, *newargs)\n",
      "  File \"/Users/ouf/anaconda3/envs/QiskitTesting/lib/python3.7/site-packages/scipy/optimize/optimize.py\", line 327, in function_wrapper\n",
      "    return function(*(wrapper_args + args))\n",
      "  File \"/Users/ouf/Documents/GitHub/qiskit-aqua/qiskit/aqua/operators/gradients/derivative_base.py\", line 110, in gradient_fn\n",
      "    converter = CircuitSampler(backend=backend).convert(converter)\n",
      "  File \"/Users/ouf/Documents/GitHub/qiskit-aqua/qiskit/aqua/operators/converters/circuit_sampler.py\", line 212, in convert\n",
      "    param_bindings=p_b)\n",
      "  File \"/Users/ouf/Documents/GitHub/qiskit-aqua/qiskit/aqua/operators/converters/circuit_sampler.py\", line 273, in sample_circuits\n",
      "    self._transpiled_circ_cache = self.quantum_instance.transpile(circuits)\n",
      "  File \"/Users/ouf/Documents/GitHub/qiskit-aqua/qiskit/aqua/quantum_instance.py\", line 260, in transpile\n",
      "    **self._compile_config)\n",
      "  File \"/Users/ouf/Documents/GitHub/qiskit-terra/qiskit/compiler/transpile.py\", line 242, in transpile\n",
      "    circuits = parallel_map(_transpile_circuit, list(zip(circuits, transpile_args)))\n",
      "  File \"/Users/ouf/Documents/GitHub/qiskit-terra/qiskit/tools/parallel.py\", line 151, in parallel_map\n",
      "    result = task(value, *task_args, **task_kwargs)\n",
      "  File \"/Users/ouf/Documents/GitHub/qiskit-terra/qiskit/compiler/transpile.py\", line 326, in _transpile_circuit\n",
      "    output_name=transpile_config['output_name'])\n",
      "  File \"/Users/ouf/Documents/GitHub/qiskit-terra/qiskit/transpiler/passmanager.py\", line 209, in run\n",
      "    return self._run_single_circuit(circuits, output_name, callback)\n",
      "  File \"/Users/ouf/Documents/GitHub/qiskit-terra/qiskit/transpiler/passmanager.py\", line 270, in _run_single_circuit\n",
      "    result = running_passmanager.run(circuit, output_name=output_name, callback=callback)\n",
      "  File \"/Users/ouf/Documents/GitHub/qiskit-terra/qiskit/transpiler/runningpassmanager.py\", line 113, in run\n",
      "    dag = self._do_pass(pass_, dag, passset.options)\n",
      "  File \"/Users/ouf/Documents/GitHub/qiskit-terra/qiskit/transpiler/runningpassmanager.py\", line 144, in _do_pass\n",
      "    dag = self._run_this_pass(pass_, dag)\n",
      "  File \"/Users/ouf/Documents/GitHub/qiskit-terra/qiskit/transpiler/runningpassmanager.py\", line 156, in _run_this_pass\n",
      "    new_dag = pass_.run(dag)\n",
      "  File \"/Users/ouf/Documents/GitHub/qiskit-terra/qiskit/transpiler/passes/basis/basis_translator.py\", line 151, in run\n",
      "    bound_target_dag = circuit_to_dag(target_circuit)\n",
      "  File \"/Users/ouf/Documents/GitHub/qiskit-terra/qiskit/converters/circuit_to_dag.py\", line 49, in circuit_to_dag\n",
      "    dagcircuit.calibrations = circuit.calibrations\n",
      "KeyboardInterrupt\n",
      "\n",
      "During handling of the above exception, another exception occurred:\n",
      "\n",
      "Traceback (most recent call last):\n",
      "  File \"/Users/ouf/anaconda3/envs/QiskitTesting/lib/python3.7/site-packages/IPython/core/interactiveshell.py\", line 2044, in showtraceback\n",
      "    stb = value._render_traceback_()\n",
      "AttributeError: 'KeyboardInterrupt' object has no attribute '_render_traceback_'\n",
      "\n",
      "During handling of the above exception, another exception occurred:\n",
      "\n",
      "Traceback (most recent call last):\n",
      "  File \"/Users/ouf/anaconda3/envs/QiskitTesting/lib/python3.7/site-packages/IPython/core/ultratb.py\", line 1148, in get_records\n",
      "    return _fixed_getinnerframes(etb, number_of_lines_of_context, tb_offset)\n",
      "  File \"/Users/ouf/anaconda3/envs/QiskitTesting/lib/python3.7/site-packages/IPython/core/ultratb.py\", line 316, in wrapped\n",
      "    return f(*args, **kwargs)\n",
      "  File \"/Users/ouf/anaconda3/envs/QiskitTesting/lib/python3.7/site-packages/IPython/core/ultratb.py\", line 350, in _fixed_getinnerframes\n",
      "    records = fix_frame_records_filenames(inspect.getinnerframes(etb, context))\n",
      "  File \"/Users/ouf/anaconda3/envs/QiskitTesting/lib/python3.7/inspect.py\", line 1502, in getinnerframes\n",
      "    frameinfo = (tb.tb_frame,) + getframeinfo(tb, context)\n",
      "  File \"/Users/ouf/anaconda3/envs/QiskitTesting/lib/python3.7/inspect.py\", line 1460, in getframeinfo\n",
      "    filename = getsourcefile(frame) or getfile(frame)\n",
      "  File \"/Users/ouf/anaconda3/envs/QiskitTesting/lib/python3.7/inspect.py\", line 696, in getsourcefile\n",
      "    if getattr(getmodule(object, filename), '__loader__', None) is not None:\n",
      "  File \"/Users/ouf/anaconda3/envs/QiskitTesting/lib/python3.7/inspect.py\", line 742, in getmodule\n",
      "    os.path.realpath(f)] = module.__name__\n",
      "  File \"/Users/ouf/anaconda3/envs/QiskitTesting/lib/python3.7/posixpath.py\", line 395, in realpath\n",
      "    path, ok = _joinrealpath(filename[:0], filename, {})\n",
      "  File \"/Users/ouf/anaconda3/envs/QiskitTesting/lib/python3.7/posixpath.py\", line 429, in _joinrealpath\n",
      "    if not islink(newpath):\n",
      "  File \"/Users/ouf/anaconda3/envs/QiskitTesting/lib/python3.7/posixpath.py\", line 171, in islink\n",
      "    st = os.lstat(path)\n",
      "KeyboardInterrupt\n"
     ]
    },
    {
     "ename": "KeyboardInterrupt",
     "evalue": "",
     "output_type": "error",
     "traceback": [
      "\u001b[0;31m---------------------------------------------------------------------------\u001b[0m"
     ]
    }
   ],
   "source": [
    "# Execution Imports\n",
    "from qiskit import Aer\n",
    "from qiskit.aqua import QuantumInstance\n",
    "\n",
    "\n",
    "#Operator Imports\n",
    "from qiskit.aqua.operators import Z, X, I, StateFn, CircuitStateFn, SummedOp\n",
    "from qiskit.aqua.operators.gradients import Gradient, NaturalGradient, QFI, Hessian\n",
    "\n",
    "# Algorithm Imports\n",
    "from qiskit.aqua.algorithms import VQE\n",
    "from qiskit.aqua.components.optimizers import CG, ADAM\n",
    "from qiskit.circuit.library import RealAmplitudes\n",
    "from qiskit.aqua.operators import I, X, Z\n",
    "from qiskit.circuit import QuantumCircuit, ParameterVector\n",
    "from scipy.optimize import minimize\n",
    "\n",
    "# Instantiate the system Hamiltonian\n",
    "h2_hamiltonian = -1.05 * (I ^ I) + 0.39 * (I ^ Z) - 0.39 * (Z ^ I) - 0.01 * (Z ^ Z) + 0.18 * (X ^ X)\n",
    "\n",
    "# This is the target energy\n",
    "h2_energy = -1.85727503\n",
    "\n",
    "# Define the Ansatz\n",
    "ansatze = RealAmplitudes(2, reps = 3, entanglement = 'linear')\n",
    "qc = QuantumCircuit(2)\n",
    "qc.compose(ansatze, inplace = True)\n",
    "\n",
    "# Define the expectation value corresponding to the energy\n",
    "op = ~StateFn(h2_hamiltonian) @ StateFn(qc)\n",
    "\n",
    "\n",
    "# grad = Gradient(grad_method='lin_comb')\n",
    "grad = NaturalGradient(grad_method='lin_comb', qfi_method='lin_comb_full', regularization='ridge')\n",
    "qi_sv = QuantumInstance(Aer.get_backend('statevector_simulator'),\n",
    "                        shots=1,\n",
    "                        seed_simulator=2,\n",
    "                        seed_transpiler=2)\n",
    "\n",
    "#Conjugate Gradient algorithm\n",
    "optimizer = CG(maxiter=10)\n",
    "\n",
    "vqe = VQE(h2_hamiltonian, qc, optimizer=optimizer, gradient=grad)\n",
    "\n",
    "result = vqe.run(qi_sv)\n",
    "print('Result:', result['optimal_value'], 'Reference:', h2_energy)"
   ]
  },
  {
   "cell_type": "code",
   "execution_count": null,
   "metadata": {},
   "outputs": [],
   "source": []
  }
 ],
 "metadata": {
  "kernelspec": {
   "display_name": "QiskitTesting",
   "language": "python",
   "name": "qiskittesting"
  },
  "language_info": {
   "codemirror_mode": {
    "name": "ipython",
    "version": 3
   },
   "file_extension": ".py",
   "mimetype": "text/x-python",
   "name": "python",
   "nbconvert_exporter": "python",
   "pygments_lexer": "ipython3",
   "version": "3.7.7"
  }
 },
 "nbformat": 4,
 "nbformat_minor": 4
}
